## Lat/lng of mt. moosilauke
mooseView <- c('lng1'=-71.7548, 'lng2'=-71.90912, 'lat1'=43.95909, 'lat2'=44.05786)
